Wahlkreis,CDU/CSU,SPD,Grüne,Die Linke,FDP,AfD,Other
Flensburg – Schleswig,42.5,37.2,7.8,4.6,1.9,3.3,2.7
Nordfriesland – Dithmarschen Nord,49.8,32.1,6.5,3.6,2.4,3.1,2.5
Steinburg – Dithmarschen Süd,45.4,34.0,5.1,3.9,5.1,3.6,2.9
Rendsburg-Eckernförde,45.2,36.8,7.0,3.3,1.9,3.4,2.4
Kiel,33.1,43.0,10.0,5.3,2.1,2.8,3.7
Plön – Neumünster,43.7,37.5,6.4,3.8,1.9,3.9,2.8
Pinneberg,45.4,36.1,6.4,3.9,1.9,3.8,2.5
Segeberg – Stormarn-Mitte,45.4,35.3,6.1,3.9,2.1,3.8,3.4
Ostholstein – Stormarn-Nord,45.9,37.1,5.5,3.4,2.3,3.8,2.0
Herzogtum Lauenburg – Stormarn-Süd,45.2,34.6,7.0,3.8,2.2,4.6,2.6
Lübeck,36.5,40.7,7.7,5.4,2.4,3.4,3.9
Schwerin – Ludwigslust-Parchim I – Nordwestmecklenburg I,39.0,25.9,3.6,22.2,1.5,0.0,7.8
Ludwigslust-Parchim II – Nordwestmecklenburg II – Landkreis Rostock I,43.0,22.8,3.4,22.9,1.6,0.0,6.3
Rostock – Landkreis Rostock II,35.1,18.3,7.5,30.7,1.1,0.0,7.3
Vorpommern-Rügen – Vorpommern-Greifswald I,56.2,14.0,3.1,19.3,0.8,0.0,6.6
Mecklenburgische Seenplatte I – Vorpommern-Greifswald II,45.9,15.7,2.3,23.9,1.8,0.0,10.4
Mecklenburgische Seenplatte II – Landkreis Rostock III,47.0,18.7,3.1,22.7,1.5,0.0,7.0
Hamburg-Mitte,27.9,39.2,12.0,9.6,1.7,3.3,6.3
Hamburg-Altona,32.4,34.9,13.7,10.2,2.0,2.3,4.5
Hamburg-Eimsbüttel,33.3,37.5,13.0,6.9,2.3,2.9,4.1
Hamburg-Nord,39.7,34.8,11.9,4.7,2.4,3.5,3.0
Hamburg-Wandsbek,36.7,39.8,6.8,6.7,1.9,4.1,4.0
Hamburg-Bergedorf – Harburg,35.6,40.4,6.5,7.5,1.6,3.9,4.5
Aurich – Emden,32.4,50.2,9.6,4.8,1.6,0.0,1.4
Unterems,54.7,31.2,5.1,3.9,2.6,0.0,2.5
Friesland – Wilhelmshaven – Wittmund,39.7,44.1,5.6,5.1,2.3,0.0,3.2
Oldenburg – Ammerland,36.8,37.4,11.5,5.4,2.5,3.4,3.0
Delmenhorst – Wesermarsch – Oldenburg-Land,39.7,39.4,6.1,4.5,3.3,3.3,3.7
Cuxhaven – Stade II,46.8,36.4,6.1,3.6,1.4,3.0,2.7
Stade I – Rotenburg II,47.6,34.1,6.3,3.4,1.7,3.9,3.0
Mittelems,59.0,29.0,5.0,2.7,1.6,2.2,0.5
Cloppenburg – Vechta,66.3,21.3,3.7,2.5,1.8,2.1,2.3
Diepholz – Nienburg I,47.5,33.4,7.6,3.5,2.0,2.5,3.5
Osterholz – Verden,44.0,37.4,6.8,5.0,0.9,3.1,2.8
Rotenburg I – Heidekreis,44.8,40.6,5.0,3.9,1.7,0.0,4.0
Harburg,45.2,31.6,7.1,3.6,3.4,5.7,3.4
Lüchow-Dannenberg – Lüneburg,39.8,33.7,12.0,5.9,1.6,3.7,3.3
Osnabrück-Land,53.1,32.3,5.8,3.6,1.8,0.0,3.4
Stadt Osnabrück,45.7,34.8,8.9,4.1,2.8,0.0,3.7
Nienburg II – Schaumburg,41.6,44.6,5.8,3.3,1.4,0.0,3.3
Stadt Hannover I,36.5,43.5,7.7,5.0,1.5,3.2,2.6
Stadt Hannover II,33.9,42.8,10.2,6.2,1.5,2.7,2.7
Hannover-Land I,44.3,38.5,5.0,3.6,2.6,3.1,2.9
Celle – Uelzen,48.5,34.2,6.1,3.6,1.3,4.2,2.1
Gifhorn – Peine,42.1,43.2,4.8,4.3,1.4,0.0,4.2
Hameln-Pyrmont – Holzminden,39.6,42.3,6.0,4.6,1.8,3.7,2.0
Hannover-Land II,41.9,43.4,5.2,4.1,1.4,0.0,4.0
Hildesheim,42.3,41.3,8.5,4.9,1.5,0.0,1.5
Salzgitter – Wolfenbüttel,37.1,46.6,4.4,4.3,1.1,3.0,3.5
Braunschweig,35.0,43.6,7.1,5.0,2.3,2.7,4.3
Helmstedt – Wolfsburg,44.7,38.7,5.1,4.4,1.4,0.0,5.7
Goslar – Northeim – Osterode,42.0,42.4,5.3,4.6,1.5,0.0,4.2
Göttingen,38.2,40.4,10.2,5.2,1.6,0.0,4.4
Bremen I,30.3,37.9,13.9,8.3,2.3,2.9,4.4
Bremen II – Bremerhaven,28.7,43.9,8.4,9.1,1.5,3.7,4.7
Prignitz – Ostprignitz-Ruppin – Havelland I,33.3,29.6,2.8,24.1,1.3,0.0,8.9
Uckermark – Barnim I,38.2,22.8,3.0,27.2,1.5,0.0,7.3
Oberhavel – Havelland II,37.8,27.9,5.0,19.4,1.5,0.0,8.4
Märkisch-Oderland – Barnim II,33.9,20.4,3.4,32.9,1.1,0.0,8.3
Brandenburg an der Havel – Potsdam-Mittelmark I – Havelland III – Teltow-Fläming I,32.8,33.2,2.4,23.7,1.6,0.0,6.3
Potsdam – Potsdam-Mittelmark II – Teltow-Fläming II,32.2,32.3,7.3,20.3,1.7,0.0,6.2
Dahme-Spreewald – Teltow-Fläming III – Oberspreewald-Lausitz I,37.3,27.2,3.9,21.5,1.3,0.0,8.8
Frankfurt (Oder) – Oder-Spree,33.9,24.4,3.9,28.0,1.7,0.0,8.1
Cottbus – Spree-Neiße,35.9,23.9,2.7,20.0,2.0,0.0,15.5
Elbe-Elster – Oberspreewald-Lausitz II,40.9,22.5,2.5,23.4,1.8,0.0,8.9
Altmark,42.1,17.6,2.8,30.3,1.4,0.0,5.8
Börde – Jerichower Land,44.6,23.1,2.6,21.4,2.7,0.0,5.6
Harz,46.0,19.1,3.8,23.0,1.4,0.0,6.7
Magdeburg,36.3,25.2,4.0,25.2,1.4,0.0,7.9
Dessau – Wittenberg,44.6,17.3,4.4,21.9,1.3,4.7,5.8
Anhalt,41.0,15.4,2.1,28.8,2.0,4.6,6.1
Halle,36.3,23.3,3.7,25.5,2.1,3.4,5.7
Burgenland – Saalekreis,44.8,15.4,3.9,25.7,1.5,0.0,8.7
Mansfeld,41.9,18.1,2.4,27.6,1.9,0.0,8.1
Berlin-Mitte,23.9,28.3,18.4,16.7,1.5,3.0,8.2
Berlin-Pankow,23.9,21.0,14.7,28.3,0.9,4.1,7.1
Berlin-Reinickendorf,45.0,29.5,6.7,6.5,2.0,4.5,5.8
Berlin-Spandau – Charlottenburg Nord,39.2,37.4,4.7,7.2,1.4,4.3,5.8
Berlin-Steglitz-Zehlendorf,42.5,29.2,11.8,5.3,2.7,4.2,4.3
Berlin-Charlottenburg-Wilmersdorf,37.1,31.5,14.7,6.2,2.5,3.7,4.3
Berlin-Tempelhof-Schöneberg,35.0,26.2,20.4,7.4,1.5,3.7,5.8
Berlin-Neukölln,30.6,32.3,11.7,11.7,1.4,3.0,9.3
Berlin-Friedrichshain-Kreuzberg – Prenzlauer Berg Ost,13.7,18.0,39.9,17.2,1.0,2.0,8.2
Berlin-Treptow-Köpenick,22.6,17.8,5.0,42.2,1.0,4.0,7.4
Berlin-Marzahn-Hellersdorf,25.7,17.1,3.1,38.9,0.7,4.9,9.6
Berlin-Lichtenberg,22.7,19.5,4.2,40.3,0.7,4.3,8.3
Aachen I,40.7,35.3,9.0,6.2,2.2,2.2,4.4
Aachen II,45.6,35.7,5.6,5.8,2.4,0.0,4.9
Heinsberg,53.4,28.3,5.7,4.3,2.2,2.3,3.8
Düren,50.4,34.2,4.9,5.1,1.9,0.0,3.5
Rhein-Erft-Kreis I,47.3,36.0,5.6,4.4,3.0,0.0,3.7
Euskirchen – Rhein-Erft-Kreis II,50.9,30.8,5.8,4.7,3.5,0.0,4.3
Köln I,36.7,37.0,10.3,6.5,2.5,3.0,4.0
Köln II,40.0,32.8,14.5,5.2,2.6,2.1,2.8
Köln III,32.9,39.3,12.9,7.8,2.3,0.0,4.8
Bonn,37.5,38.2,8.6,4.4,6.0,2.5,2.8
Rhein-Sieg-Kreis I,49.6,29.5,6.4,4.7,2.4,3.2,4.2
Rhein-Sieg-Kreis II,52.4,27.1,7.2,3.4,3.1,3.1,3.7
Oberbergischer Kreis,52.2,30.1,5.2,4.3,2.2,3.0,3.0
Rheinisch-Bergischer Kreis,58.5,25.0,6.8,4.1,1.8,2.8,1.0
Leverkusen – Köln IV,39.3,41.3,7.2,5.8,2.3,0.0,4.1
Wuppertal I,36.6,40.7,7.1,7.7,3.0,0.0,4.9
Solingen – Remscheid – Wuppertal II,44.3,33.4,7.1,5.8,2.6,3.6,3.2
Mettmann I,49.5,34.6,5.1,3.7,1.9,3.1,2.1
Mettmann II,45.6,37.1,4.9,4.3,2.4,3.2,2.5
Düsseldorf I,47.9,29.2,8.2,5.3,3.6,3.1,2.7
Düsseldorf II,40.7,35.0,7.5,9.1,2.9,0.0,4.8
Neuss I,51.6,30.6,4.7,3.9,2.3,2.7,4.2
Mönchengladbach,50.8,29.2,6.1,6.2,2.3,3.4,2.0
Krefeld I – Neuss II,49.1,30.9,5.8,4.1,3.7,2.4,4.0
Viersen,53.0,28.5,5.4,4.8,2.3,2.5,3.5
Kleve,50.9,33.1,5.8,0.0,3.1,3.3,3.8
Wesel I,43.5,39.2,4.9,4.9,1.8,3.0,2.7
Krefeld II – Wesel II,40.1,41.5,5.3,5.4,2.5,0.0,5.2
Duisburg I,32.2,46.6,5.1,7.4,1.6,0.0,7.1
Duisburg II,29.6,43.2,5.2,8.6,1.6,4.1,7.7
Oberhausen – Wesel III,32.3,45.1,7.8,7.3,1.7,0.0,5.8
Mülheim – Essen I,35.6,42.2,6.3,5.5,2.5,3.9,4.0
Essen II,31.1,48.3,5.0,7.2,1.6,0.0,6.8
Essen III,39.5,39.5,7.7,4.9,2.0,2.7,3.7
Recklinghausen I,34.3,45.2,5.1,6.1,2.0,3.3,4.0
Recklinghausen II,36.5,45.7,5.0,5.6,1.6,0.0,5.6
Gelsenkirchen,28.6,50.5,3.7,6.1,1.7,3.8,5.6
Steinfurt I – Borken I,52.0,31.9,5.1,3.8,2.8,2.2,2.2
Bottrop – Recklinghausen III,36.5,45.8,3.6,5.4,1.6,3.8,3.3
Borken II,57.4,27.1,6.4,3.0,2.3,1.9,1.9
Coesfeld – Steinfurt II,56.1,26.8,7.0,3.3,2.6,2.0,2.2
Steinfurt III,47.9,36.5,5.8,3.8,1.8,1.8,2.4
Münster,38.8,35.4,11.1,4.3,5.7,2.0,2.7
Warendorf,51.3,32.0,5.9,3.5,2.3,2.2,2.8
Gütersloh I,50.3,33.6,5.4,4.3,1.9,2.5,2.0
Bielefeld – Gütersloh II,37.3,38.1,10.7,6.9,2.0,2.5,2.5
Herford – Minden-Lübbecke II,40.8,41.3,5.1,5.4,3.5,0.0,3.9
Minden-Lübbecke I,46.3,40.5,4.1,4.1,1.9,0.0,3.1
Lippe I,40.2,41.1,5.7,4.2,2.3,2.5,4.0
Höxter – Lippe II,50.0,31.3,5.7,4.1,1.9,2.6,4.4
Paderborn – Gütersloh III,59.1,23.2,6.5,4.0,1.9,2.0,3.3
Hagen – Ennepe-Ruhr-Kreis I,34.1,47.1,4.5,5.7,3.4,0.0,5.2
Ennepe-Ruhr-Kreis II,35.8,42.3,8.3,5.1,2.0,3.0,3.5
Bochum I,35.6,44.2,6.8,6.8,1.4,0.0,5.2
Herne – Bochum II,30.4,48.7,5.8,7.6,1.5,0.0,6.0
Dortmund I,30.7,45.4,7.5,6.0,2.0,3.5,4.9
Dortmund II,32.2,46.7,6.8,6.9,1.5,0.0,5.9
Unna I,35.8,46.7,5.6,5.3,1.7,0.0,4.9
Hamm – Unna II,39.3,43.2,5.0,5.6,2.1,0.0,4.8
Soest,49.8,33.3,6.0,5.0,2.3,0.0,3.6
Hochsauerlandkreis,56.1,29.9,4.2,4.1,1.9,0.0,3.8
Siegen-Wittgenstein,45.8,36.5,5.0,4.5,2.2,3.1,2.9
Olpe – Märkischer Kreis I,51.7,32.7,3.4,3.8,2.4,2.6,3.4
Märkischer Kreis II,41.6,41.7,3.1,4.8,1.9,3.3,3.6
Nordsachsen,45.6,20.4,3.1,21.8,2.1,0.0,7.0
Leipzig I,40.0,21.6,5.6,23.4,1.7,0.0,7.7
Leipzig II,34.3,23.4,9.0,24.9,1.5,0.0,6.9
Leipzig-Land,51.3,15.8,3.3,21.4,1.9,0.0,6.3
Meißen,53.6,12.7,3.4,17.7,2.4,0.0,10.2
Bautzen I,49.2,11.4,2.4,21.3,2.6,0.0,13.1
Görlitz,49.6,15.2,3.4,19.7,1.6,0.0,10.5
Sächsische Schweiz-Osterzgebirge,50.2,10.7,2.9,19.0,1.8,0.0,15.4
Dresden I,42.6,14.9,6.1,25.0,1.9,0.0,9.5
Dresden II – Bautzen II,41.8,14.8,9.8,19.1,2.0,0.0,12.5
Mittelsachsen,51.9,15.4,3.2,20.3,2.2,0.0,7.0
Chemnitz,41.7,20.9,4.8,23.8,2.0,0.0,6.8
Chemnitzer Umland – Erzgebirgskreis II,49.6,15.6,3.7,21.9,2.3,0.0,6.9
Erzgebirgskreis I,50.2,12.1,3.2,20.6,6.5,0.0,7.4
Zwickau,44.6,15.8,3.0,24.6,2.7,0.0,9.3
Vogtlandkreis,48.3,20.7,2.6,19.6,2.6,0.0,6.2
Waldeck,41.5,41.3,6.3,5.4,2.7,0.0,2.8
Kassel,35.2,40.0,10.7,8.4,2.1,0.0,3.6
Werra-Meißner – Hersfeld-Rotenburg,40.5,43.1,5.0,5.7,2.0,0.0,3.7
Schwalm-Eder,39.6,42.3,5.8,5.0,2.2,0.0,5.1
Marburg,39.6,43.7,5.9,5.3,1.7,0.0,3.8
Lahn-Dill,48.1,34.5,6.1,4.6,2.1,0.0,4.6
Gießen,44.4,35.5,7.3,5.1,3.0,0.0,4.7
Fulda,58.3,25.0,5.4,4.6,2.4,0.0,4.3
Main-Kinzig – Wetterau II – Schotten,48.8,32.4,5.4,5.3,2.3,0.0,5.8
Hochtaunus,48.8,28.1,7.3,4.0,3.6,5.7,2.5
Wetterau I,47.1,31.9,7.4,4.8,2.8,0.0,6.0
Rheingau-Taunus – Limburg,52.1,29.1,5.6,3.9,2.3,4.3,2.7
Wiesbaden,43.6,35.0,7.5,4.7,2.5,4.0,2.7
Hanau,44.3,36.4,5.8,5.7,2.5,0.0,5.3
Main-Taunus,52.5,27.1,8.2,4.2,4.3,0.0,3.7
Frankfurt am Main I,40.2,33.0,9.9,7.9,3.2,0.0,5.8
Frankfurt am Main II,36.3,30.5,13.5,6.1,3.5,3.3,6.8
Groß-Gerau,42.2,38.1,7.7,6.2,2.0,0.0,3.8
Offenbach,45.5,31.2,8.2,6.2,2.8,0.0,6.1
Darmstadt,35.9,37.3,11.7,5.2,2.4,3.8,3.7
Odenwald,46.9,33.6,6.9,5.0,2.7,0.0,4.9
Bergstraße,48.3,31.8,5.7,3.9,1.9,4.2,4.2
Eichsfeld – Nordhausen – Kyffhäuserkreis,47.9,16.4,3.0,22.3,1.4,0.0,9.0
Eisenach – Wartburgkreis – Unstrut-Hainich-Kreis,43.4,18.7,3.2,23.5,1.6,0.0,9.6
Jena – Sömmerda – Weimarer Land I,38.5,19.8,5.3,25.1,2.0,1.8,7.5
Gotha – Ilm-Kreis,37.3,25.0,3.0,20.1,1.4,5.8,7.4
Erfurt – Weimar – Weimarer Land II,37.1,23.9,6.0,23.4,1.2,0.0,8.4
Gera – Greiz – Altenburger Land,42.7,14.2,2.8,26.3,1.4,6.2,6.4
Saalfeld-Rudolstadt – Saale-Holzland-Kreis – Saale-Orla-Kreis,41.2,18.7,3.8,25.5,2.2,1.8,6.8
Suhl – Schmalkalden-Meiningen – Hildburghausen – Sonneberg,41.9,18.4,2.9,27.6,1.4,0.0,7.8
Neuwied,46.9,37.3,4.0,4.5,2.3,0.0,5.0
Ahrweiler,55.5,28.0,5.6,4.5,2.4,0.0,4.0
Koblenz,48.0,30.8,8.0,4.9,2.7,0.0,5.6
Mosel/Rhein-Hunsrück,53.6,27.9,4.0,4.5,3.2,0.0,6.8
Kreuznach,41.4,37.6,4.4,5.2,2.9,0.0,8.5
Bitburg,56.0,26.3,5.0,3.3,3.3,0.0,6.1
Trier,48.8,31.1,6.9,5.6,1.9,0.0,5.7
Montabaur,49.3,31.0,5.9,4.8,2.4,0.0,6.6
Mainz,40.1,34.8,10.2,4.3,5.0,0.0,5.6
Worms,42.0,36.9,5.6,3.7,2.7,4.1,5.0
Ludwigshafen/Frankenthal,43.3,35.6,4.8,4.9,2.5,0.0,8.9
Neustadt – Speyer,47.9,28.6,8.1,4.5,2.7,0.0,8.2
Kaiserslautern,37.2,38.5,5.3,7.4,2.3,0.0,9.3
Pirmasens,45.9,32.2,4.1,6.0,2.8,0.0,9.0
Südpfalz,48.8,28.0,7.1,4.1,4.0,0.0,8.0
Altötting,65.8,14.4,5.4,2.6,2.1,3.3,6.4
Erding – Ebersberg,55.4,19.1,8.0,2.6,2.2,4.5,8.2
Freising,54.0,17.2,11.4,2.9,2.5,3.7,8.3
Fürstenfeldbruck,56.0,19.8,7.5,2.7,2.2,4.7,7.1
Ingolstadt,61.2,16.7,6.6,4.0,2.0,2.8,6.7
München-Nord,43.2,31.4,10.3,3.7,3.7,0.0,7.7
München-Ost,44.6,28.7,10.2,3.4,4.1,0.0,9.0
München-Süd,43.4,28.4,11.4,3.9,3.0,3.0,6.9
München-West/Mitte,42.6,28.6,13.1,4.1,4.0,0.0,7.6
München-Land,52.6,20.5,11.1,2.1,3.8,4.0,5.9
Rosenheim,58.1,12.5,9.4,2.4,2.6,4.1,10.9
Bad Tölz-Wolfratshausen – Miesbach,56.4,17.2,8.0,3.0,5.2,0.0,10.2
Starnberg – Landsberg am Lech,52.9,18.2,10.4,2.8,6.3,0.8,8.6
Traunstein,62.6,17.6,8.6,2.9,2.4,0.0,5.9
Weilheim,57.4,16.4,7.6,2.8,3.2,0.0,12.6
Deggendorf,61.3,16.2,4.5,3.0,2.0,3.2,9.8
Landshut,57.9,16.3,8.3,2.9,3.0,0.0,11.6
Passau,59.7,19.6,5.2,3.2,0.0,3.1,9.2
Rottal-Inn,61.2,16.0,4.8,2.6,2.0,2.9,10.5
Straubing,61.2,17.6,3.2,2.5,2.4,3.3,9.8
Amberg,58.4,20.9,4.9,3.3,2.1,0.0,10.4
Regensburg,48.5,22.0,8.3,3.4,4.0,3.7,10.1
Schwandorf,57.7,24.8,3.2,2.7,1.7,0.0,9.9
Weiden,55.1,22.0,3.8,2.6,1.5,2.4,12.6
Bamberg,52.2,22.9,8.2,3.5,3.4,3.4,6.4
Bayreuth,55.9,25.6,6.3,2.8,2.7,3.1,3.6
Coburg,50.2,32.4,3.9,3.3,1.6,2.8,5.8
Hof,55.1,28.6,5.5,4.5,1.3,3.6,1.4
Kulmbach,56.9,22.8,4.0,3.0,1.6,3.2,8.5
Ansbach,53.3,23.2,5.9,3.8,4.5,0.0,9.3
Erlangen,48.5,26.3,8.9,4.2,2.2,3.3,6.6
Fürth,49.2,27.1,8.3,4.3,1.8,3.2,6.1
Nürnberg-Nord,39.4,31.7,10.1,6.2,2.7,3.4,6.5
Nürnberg-Süd,44.4,32.3,6.8,5.0,1.8,3.7,6.0
Roth,50.6,27.6,6.7,3.6,3.2,0.0,8.3
Aschaffenburg,52.4,25.1,8.0,2.8,3.3,0.0,8.4
Bad Kissingen,57.9,19.9,7.9,4.5,2.9,0.0,6.9
Main-Spessart,51.7,23.3,6.2,3.1,2.6,3.3,9.8
Schweinfurt,54.8,23.1,5.8,5.4,2.1,0.0,8.8
Würzburg,48.9,25.5,10.0,3.3,3.2,2.9,6.2
Augsburg-Stadt,44.4,25.1,11.0,4.9,3.4,4.8,6.4
Augsburg-Land,60.6,17.7,6.9,3.0,2.3,4.5,5.0
Donau-Ries,60.6,17.7,6.3,4.5,2.4,0.0,8.5
Neu-Ulm,57.5,18.4,7.8,3.5,2.7,4.7,5.4
Oberallgäu,60.7,17.3,8.4,3.6,3.6,0.0,6.4
Ostallgäu,59.8,15.0,6.0,2.8,1.7,4.1,10.6
Stuttgart I,42.0,16.6,27.5,3.9,2.6,2.7,4.7
Stuttgart II,43.8,26.1,13.9,5.0,2.7,3.4,5.1
Böblingen,54.2,23.8,9.4,4.1,3.4,0.0,5.1
Esslingen,51.3,25.2,11.1,3.7,1.9,3.0,3.8
Nürtingen,51.0,25.3,9.9,3.3,2.5,3.2,4.8
Göppingen,49.0,24.2,10.7,3.6,3.4,5.3,3.8
Waiblingen,51.4,23.0,10.5,3.7,3.8,3.8,3.8
Ludwigsburg,50.6,21.1,13.4,4.8,3.2,0.0,6.9
Neckar-Zaber,53.2,26.4,9.5,4.4,3.1,0.0,3.4
Heilbronn,51.4,27.1,7.5,4.4,3.6,0.0,6.0
Schwäbisch Hall – Hohenlohe,52.3,22.9,10.0,4.3,3.9,0.0,6.6
Backnang – Schwäbisch Gmünd,55.4,24.8,8.2,4.0,2.8,0.0,4.8
Aalen – Heidenheim,57.6,24.6,7.7,5.0,1.8,0.0,3.3
Karlsruhe-Stadt,39.5,29.6,13.7,4.9,3.2,4.0,5.1
Karlsruhe-Land,53.3,25.9,7.8,3.7,2.9,0.0,6.4
Rastatt,53.5,23.0,8.4,3.5,3.1,4.8,3.7
Heidelberg,40.9,30.6,12.3,4.1,3.1,4.9,4.1
Mannheim,39.8,32.4,12.2,6.6,2.8,0.0,6.2
Odenwald – Tauber,59.1,21.3,5.9,3.4,1.8,4.1,4.4
Rhein-Neckar,49.7,25.9,8.3,4.0,2.5,4.6,5.0
Bruchsal – Schwetzingen,51.8,24.7,6.8,3.7,2.8,4.4,5.8
Pforzheim,49.5,22.9,8.0,4.1,5.8,5.1,4.6
Calw,58.5,20.2,7.0,4.3,2.9,0.0,7.1
Freiburg,34.9,30.0,20.9,4.9,1.9,2.5,4.9
Lörrach – Müllheim,50.1,24.6,12.0,3.9,2.4,3.6,3.4
Emmendingen – Lahr,52.3,26.4,11.5,4.6,1.8,0.0,3.4
Offenburg,56.1,20.2,9.9,4.3,2.1,3.9,3.5
Rottweil – Tuttlingen,57.8,17.8,7.5,3.8,3.3,5.0,4.8
Schwarzwald-Baar,56.7,18.9,7.7,3.5,2.5,3.9,6.8
Konstanz,51.9,19.2,13.3,4.1,3.8,4.0,3.7
Waldshut,51.4,28.0,10.1,4.4,3.3,0.0,2.8
Reutlingen,51.9,20.2,12.4,4.0,3.8,4.3,3.4
Tübingen,46.9,20.4,16.5,6.5,2.3,3.4,4.0
Ulm,52.1,23.8,9.7,3.6,2.6,3.6,4.6
Biberach,59.0,19.9,9.0,3.4,2.1,0.0,6.6
Bodensee,53.9,20.6,11.2,4.5,3.9,0.0,5.9
Ravensburg,51.6,20.0,13.6,3.3,2.5,2.7,6.3
Zollernalb – Sigmaringen,60.7,18.2,8.3,4.2,2.4,0.0,6.2
Saarbrücken,36.9,36.2,5.3,10.9,1.7,4.1,4.9
Saarlouis,44.5,34.9,3.7,7.3,1.2,4.3,4.1
St. Wendel,45.4,33.5,2.8,7.6,1.7,4.7,4.3
Homburg,39.8,37.6,3.6,9.1,1.4,4.6,3.9
