Bundesland,CDU/CSU,SPD,Grüne,Die Linke,FDP,AfD,Other
Flensburg – Schleswig,38.2,32.6,9.8,5.7,5.0,4.1,4.6
Nordfriesland – Dithmarschen Nord,43.4,29.7,8.1,4.4,6.4,3.8,4.2
Steinburg – Dithmarschen Süd,41.9,30.0,7.6,5.0,6.2,4.4,4.9
Rendsburg-Eckernförde,40.8,31.5,9.3,4.4,5.5,4.4,4.1
Kiel,30.3,34.7,14.1,6.9,5.3,3.7,5.0
Plön – Neumünster,38.8,32.7,9.2,4.8,5.4,4.7,4.4
Pinneberg,40.6,31.2,8.6,5.0,5.6,4.8,4.2
Segeberg – Stormarn-Mitte,40.8,30.1,8.6,5.0,5.8,5.0,4.7
Ostholstein – Stormarn-Nord,41.2,31.5,8.0,4.3,6.2,5.0,3.8
Herzogtum Lauenburg – Stormarn-Süd,40.6,29.7,9.1,4.9,6.0,5.6,4.1
Lübeck,34.2,34.1,11.1,6.5,4.8,4.3,5.0
Schleswig-Holstein,39.2,31.5,9.4,5.2,5.6,4.6,4.5
Schwerin – Ludwigslust-Parchim I – Nordwestmecklenburg I,40.3,21.6,4.5,20.4,2.3,5.3,5.6
Ludwigslust-Parchim II – Nordwestmecklenburg II – Landkreis Rostock I,42.1,19.7,4.0,21.3,2.2,5.3,5.4
Rostock – Landkreis Rostock II,37.9,19.2,6.5,23.7,1.9,5.4,5.4
Vorpommern-Rügen – Vorpommern-Greifswald I,45.0,14.6,4.8,20.6,2.6,6.6,5.8
Mecklenburgische Seenplatte I – Vorpommern-Greifswald II,44.9,14.8,2.7,21.6,2.0,6.0,8.0
Mecklenburgische Seenplatte II – Landkreis Rostock III,45.1,17.2,3.3,21.5,2.1,5.1,5.7
Mecklenburg-Vorpommern,42.5,17.8,4.3,21.5,2.2,5.6,6.1
Hamburg-Mitte,26.8,33.6,13.6,11.0,3.8,4.3,6.9
Hamburg-Altona,29.4,29.8,16.5,10.8,5.5,3.2,4.8
Hamburg-Eimsbüttel,31.1,31.4,15.6,8.6,5.2,3.7,4.4
Hamburg-Nord,36.5,30.2,12.5,6.5,6.3,4.1,3.9
Hamburg-Wandsbek,34.5,34.5,9.1,7.7,4.5,4.8,4.9
Hamburg-Bergedorf – Harburg,33.8,35.0,9.2,8.4,3.5,4.7,5.4
Hamburg,32.1,32.4,12.7,8.8,4.8,4.2,5.0
Aurich – Emden,32.5,43.8,8.3,5.0,3.3,3.1,4.0
Unterems,48.8,30.9,5.8,4.1,4.0,2.9,3.5
Friesland – Wilhelmshaven – Wittmund,38.4,36.3,7.3,5.1,4.3,4.1,4.5
Oldenburg – Ammerland,35.2,32.6,12.4,6.5,5.1,4.2,4.0
Delmenhorst – Wesermarsch – Oldenburg-Land,38.9,34.1,8.1,5.5,5.0,4.0,4.4
Cuxhaven – Stade II,43.9,33.5,7.1,4.6,3.6,3.5,3.8
Stade I – Rotenburg II,44.7,30.9,7.8,4.2,4.2,4.5,3.7
Mittelems,56.1,26.0,5.4,3.0,4.2,2.6,2.7
Cloppenburg – Vechta,63.2,19.8,4.3,2.8,4.6,2.3,3.0
Diepholz – Nienburg I,43.5,31.5,8.2,4.5,4.9,3.4,4.0
Osterholz – Verden,40.0,33.1,9.6,5.6,3.7,3.8,4.2
Rotenburg I – Heidekreis,43.6,31.2,8.5,4.6,4.0,3.8,4.3
Harburg,42.8,28.3,9.3,4.4,4.9,6.0,4.3
Lüchow-Dannenberg – Lüneburg,36.8,29.0,14.3,6.9,4.0,4.4,4.6
Osnabrück-Land,48.0,29.4,7.7,4.0,4.6,2.8,3.5
Stadt Osnabrück,43.0,30.5,10.9,5.1,4.2,2.7,3.6
Nienburg II – Schaumburg,40.0,36.3,8.1,4.3,3.6,3.9,3.8
Stadt Hannover I,33.5,35.5,12.3,6.2,4.7,3.6,4.2
Stadt Hannover II,29.9,34.7,15.5,8.0,4.3,3.4,4.2
Hannover-Land I,41.3,33.1,8.2,4.5,5.0,4.0,3.9
Celle – Uelzen,44.0,30.1,7.8,4.6,4.2,5.0,4.3
Gifhorn – Peine,40.2,36.1,7.4,4.7,3.5,3.6,4.5
Hameln-Pyrmont – Holzminden,37.5,36.4,8.4,5.3,4.4,4.1,3.9
Hannover-Land II,38.4,35.9,8.9,4.8,4.0,3.8,4.2
Hildesheim,38.7,36.4,8.9,5.0,3.4,3.4,4.2
Salzgitter – Wolfenbüttel,35.7,39.3,7.3,5.6,3.4,4.0,4.7
Braunschweig,34.0,33.6,12.4,6.7,4.4,3.6,5.3
Helmstedt – Wolfsburg,41.1,34.8,6.8,4.9,3.6,3.7,5.1
Goslar – Northeim – Osterode,37.9,38.0,6.9,5.1,4.1,3.9,4.1
Göttingen,35.9,33.1,12.2,6.3,4.1,3.7,4.7
Niedersachsen,41.1,33.1,8.8,5.0,4.2,3.7,4.1
Bremen I,30.2,33.1,13.9,10.1,3.9,3.4,5.4
Bremen II – Bremerhaven,28.1,38.6,9.9,10.1,2.8,4.1,6.4
Bremen,29.3,35.6,12.1,10.1,3.4,3.7,5.8
Prignitz – Ostprignitz-Ruppin – Havelland I,36.1,25.2,3.5,22.5,2.2,4.8,5.7
Uckermark – Barnim I,36.3,22.4,3.8,24.0,2.1,5.1,6.3
Oberhavel – Havelland II,36.4,23.7,5.7,18.1,3.0,6.7,6.4
Märkisch-Oderland – Barnim II,32.1,21.9,4.1,26.4,2.2,6.4,6.9
Brandenburg an der Havel – Potsdam-Mittelmark I – Havelland III – Teltow-Fläming I,34.0,26.3,3.8,22.9,2.3,4.8,5.9
Potsdam – Potsdam-Mittelmark II – Teltow-Fläming II,31.1,24.9,9.1,21.0,3.2,5.7,5.0
Dahme-Spreewald – Teltow-Fläming III – Oberspreewald-Lausitz I,35.0,22.7,4.5,21.5,2.8,6.4,7.1
Frankfurt (Oder) – Oder-Spree,33.4,22.3,4.0,24.7,2.2,6.4,7.0
Cottbus – Spree-Neiße,35.8,21.7,3.5,22.6,2.4,6.9,7.1
Elbe-Elster – Oberspreewald-Lausitz II,39.5,19.9,2.7,21.7,2.5,5.9,7.8
Brandenburg,34.8,23.1,4.7,22.4,2.5,6.0,6.5
Altmark,42.0,19.0,3.3,24.6,2.1,3.6,5.4
Börde – Jerichower Land,43.2,19.6,3.1,21.7,2.9,3.9,5.6
Harz,43.5,18.7,3.6,22.9,2.3,3.8,5.2
Magdeburg,37.5,20.9,5.6,24.0,2.4,4.2,5.4
Dessau – Wittenberg,42.5,17.1,4.0,22.8,2.4,5.1,6.1
Anhalt,41.5,16.8,2.6,25.6,2.6,4.8,6.1
Halle,37.7,17.9,7.2,24.4,3.1,4.2,5.5
Burgenland – Saalekreis,42.8,16.3,3.1,23.7,2.8,4.3,7.0
Mansfeld,41.2,17.1,2.8,25.7,2.9,4.1,6.2
Sachsen-Anhalt,41.2,18.2,4.0,23.9,2.6,4.2,5.9
Berlin-Mitte,22.6,26.1,16.7,18.7,3.7,3.9,8.3
Berlin-Pankow,23.5,22.0,14.1,25.2,2.5,4.8,7.9
Berlin-Reinickendorf,40.1,26.4,8.7,7.9,4.4,6.0,6.5
Berlin-Spandau – Charlottenburg Nord,36.6,28.9,8.2,9.5,3.8,5.8,7.2
Berlin-Steglitz-Zehlendorf,37.2,25.6,13.5,7.2,6.4,5.3,4.8
Berlin-Charlottenburg-Wilmersdorf,32.5,27.1,15.4,8.9,6.8,4.8,4.5
Berlin-Tempelhof-Schöneberg,31.7,27.4,15.4,10.3,4.1,4.6,6.5
Berlin-Neukölln,29.0,26.2,13.9,14.3,3.0,4.2,9.4
Berlin-Friedrichshain-Kreuzberg – Prenzlauer Berg Ost,15.4,24.0,20.8,25.1,2.2,2.8,9.7
Berlin-Treptow-Köpenick,25.4,21.3,7.4,29.5,2.0,5.5,8.9
Berlin-Marzahn-Hellersdorf,26.0,19.2,3.9,32.9,1.7,6.4,9.9
Berlin-Lichtenberg,23.1,20.4,5.8,34.6,1.6,5.5,9.0
Berlin,28.5,24.6,12.3,18.5,3.6,4.9,7.6
Aachen I,36.6,27.3,13.1,7.7,6.3,3.1,5.9
Aachen II,40.9,32.6,6.3,6.5,4.9,3.3,5.5
Heinsberg,49.3,26.3,5.5,5.2,4.9,3.5,5.3
Düren,44.3,29.7,6.1,5.7,5.0,4.0,5.2
Rhein-Erft-Kreis I,42.3,30.8,6.9,5.2,5.7,3.7,5.4
Euskirchen – Rhein-Erft-Kreis II,45.1,26.8,7.1,5.2,6.6,4.1,5.1
Köln I,33.3,31.0,12.2,8.1,5.5,4.1,5.8
Köln II,35.5,26.3,15.6,6.9,8.1,3.3,4.3
Köln III,30.6,31.5,14.9,9.2,4.5,3.2,6.1
Bonn,36.3,25.9,13.7,6.3,8.3,4.3,5.2
Rhein-Sieg-Kreis I,43.4,27.0,8.2,5.6,6.3,4.4,5.1
Rhein-Sieg-Kreis II,45.3,24.3,8.7,4.6,8.3,4.5,4.3
Oberbergischer Kreis,45.3,27.0,6.9,5.4,5.7,5.0,4.7
Rheinisch-Bergischer Kreis,43.7,26.1,9.0,5.1,7.0,4.7,4.4
Leverkusen – Köln IV,35.6,32.7,9.6,7.2,4.9,3.9,6.1
Wuppertal I,33.0,32.4,9.9,8.7,5.7,4.2,6.1
Solingen – Remscheid – Wuppertal II,39.0,30.3,8.0,6.8,6.1,4.3,5.5
Mettmann I,43.0,28.2,7.7,5.1,6.3,5.1,4.6
Mettmann II,41.3,30.9,6.9,5.5,6.1,4.7,4.6
Düsseldorf I,40.3,26.4,9.4,6.4,9.2,4.2,4.1
Düsseldorf II,37.0,30.2,9.7,7.8,5.8,4.2,5.3
Neuss I,45.5,27.9,6.1,5.0,6.2,4.1,5.2
Mönchengladbach,43.7,28.1,6.2,6.4,5.9,4.2,5.5
Krefeld I – Neuss II,44.7,27.4,6.9,5.2,7.3,3.9,4.6
Viersen,46.3,26.6,6.7,5.4,6.3,4.1,4.6
Kleve,48.6,27.0,6.2,4.6,5.7,3.9,4.0
Wesel I,39.3,34.9,6.4,6.0,4.7,3.7,5.0
Krefeld II – Wesel II,36.9,34.6,7.3,6.6,5.6,3.9,5.1
Duisburg I,30.0,39.2,6.9,7.9,3.4,5.2,7.4
Duisburg II,26.6,43.0,5.2,8.8,2.8,5.1,8.5
Oberhausen – Wesel III,30.1,41.3,6.6,8.0,3.3,4.2,6.5
Mülheim – Essen I,33.9,38.2,7.1,6.4,4.6,4.6,5.2
Essen II,28.5,41.7,7.1,8.1,3.4,4.2,7.0
Essen III,36.3,33.1,9.7,6.6,5.7,3.9,4.7
Recklinghausen I,33.8,39.8,6.4,6.8,3.4,4.5,5.3
Recklinghausen II,34.7,40.1,5.8,6.3,3.5,4.0,5.6
Gelsenkirchen,27.7,44.0,5.5,7.6,3.0,4.7,7.5
Steinfurt I – Borken I,49.8,28.1,6.1,4.4,5.1,2.8,3.7
Bottrop – Recklinghausen III,34.8,40.1,5.5,6.2,3.5,4.1,5.8
Borken II,53.5,25.5,6.1,3.6,5.3,2.7,3.3
Coesfeld – Steinfurt II,50.1,25.6,8.1,4.2,5.6,2.8,3.6
Steinfurt III,43.3,33.4,7.6,4.7,4.7,2.8,3.5
Münster,37.8,27.2,15.2,6.3,6.8,2.9,3.8
Warendorf,47.1,29.1,7.2,4.4,5.4,2.9,3.9
Gütersloh I,46.3,28.7,7.9,5.0,4.9,3.2,4.0
Bielefeld – Gütersloh II,35.3,32.6,11.7,8.4,4.0,3.4,4.6
Herford – Minden-Lübbecke II,39.4,34.9,7.6,5.8,4.2,3.6,4.5
Minden-Lübbecke I,41.1,34.4,7.3,4.9,4.6,3.6,4.1
Lippe I,39.3,35.1,7.3,5.1,4.6,3.8,4.8
Höxter – Lippe II,45.8,29.7,6.7,5.1,4.8,3.6,4.3
Paderborn – Gütersloh III,51.3,23.3,7.1,5.2,5.0,3.6,4.5
Hagen – Ennepe-Ruhr-Kreis I,35.3,36.7,6.7,6.8,4.5,4.4,5.6
Ennepe-Ruhr-Kreis II,33.1,38.3,9.1,6.4,4.5,3.9,4.7
Bochum I,30.5,38.6,9.6,7.9,3.9,3.8,5.7
Herne – Bochum II,28.1,43.9,6.6,8.1,2.8,4.0,6.5
Dortmund I,29.0,38.1,10.7,7.9,4.1,4.1,6.1
Dortmund II,29.1,40.9,8.3,7.8,3.8,4.1,6.0
Unna I,31.9,40.9,7.9,6.2,4.0,3.8,5.3
Hamm – Unna II,36.9,38.5,6.0,6.3,3.7,3.3,5.3
Soest,44.8,30.4,7.0,5.2,4.9,3.4,4.3
Hochsauerlandkreis,49.7,28.0,4.8,4.7,5.1,3.4,4.3
Siegen-Wittgenstein,41.5,32.0,6.4,5.8,4.7,4.9,4.7
Olpe – Märkischer Kreis I,48.0,28.2,5.2,4.8,5.2,4.1,4.5
Märkischer Kreis II,41.5,32.3,5.6,5.9,4.5,5.0,5.2
Nordrhein-Westfalen,39.8,31.9,8.0,6.1,5.2,3.9,5.1
Nordsachsen,44.9,15.4,2.9,20.6,2.6,6.1,7.5
Leipzig I,36.9,18.5,6.9,21.3,2.9,6.1,7.4
Leipzig II,32.6,18.9,11.2,22.5,3.0,5.1,6.7
Leipzig-Land,45.8,15.2,3.3,19.9,2.9,6.4,6.5
Meißen,45.1,12.6,4.0,18.7,3.7,7.1,8.8
Bautzen I,45.6,12.2,2.8,19.9,3.1,7.1,9.3
Görlitz,44.1,12.6,3.4,19.6,2.8,8.2,9.3
Sächsische Schweiz-Osterzgebirge,46.0,10.9,3.6,17.1,3.2,7.9,11.3
Dresden I,39.8,15.4,7.9,19.0,3.1,6.9,7.9
Dresden II – Bautzen II,38.6,14.0,9.5,18.1,3.2,7.0,9.6
Mittelsachsen,45.3,13.3,3.3,20.6,3.4,6.3,7.8
Chemnitz,38.9,17.5,5.3,23.1,2.9,6.0,6.3
Chemnitzer Umland – Erzgebirgskreis II,45.3,14.5,3.2,20.0,2.7,7.3,7.0
Erzgebirgskreis I,46.0,12.7,2.5,19.4,3.7,7.6,8.1
Zwickau,44.4,14.8,3.2,21.3,2.7,6.1,7.5
Vogtlandkreis,44.2,16.0,3.3,20.2,2.8,6.7,6.8
Sachsen,42.6,14.6,4.9,20.0,3.1,6.8,8.0
Waldeck,36.5,36.0,8.1,5.5,4.8,5.0,4.1
Kassel,30.9,34.0,12.7,8.7,4.0,5.1,4.6
Werra-Meißner – Hersfeld-Rotenburg,36.0,36.9,7.0,6.0,3.9,5.6,4.6
Schwalm-Eder,35.6,36.5,7.7,5.4,4.6,5.4,4.8
Marburg,36.7,33.4,10.5,6.8,4.0,4.6,4.0
Lahn-Dill,41.8,30.3,7.4,5.2,4.4,5.8,5.1
Gießen,38.7,29.7,9.7,6.5,4.9,4.9,5.6
Fulda,51.1,22.1,6.7,4.6,4.9,5.8,4.8
Main-Kinzig – Wetterau II – Schotten,41.2,27.8,7.7,5.5,5.1,6.4,6.3
Hochtaunus,43.0,24.7,9.3,4.6,7.5,6.9,4.0
Wetterau I,40.9,27.3,9.4,5.2,5.9,5.9,5.4
Rheingau-Taunus – Limburg,45.5,25.1,8.6,4.5,6.3,5.8,4.2
Wiesbaden,38.7,27.8,11.7,5.9,6.8,5.1,4.0
Hanau,39.2,28.6,9.0,6.1,5.3,5.9,5.9
Main-Taunus,43.8,22.5,9.9,4.2,8.6,6.9,4.1
Frankfurt am Main I,33.5,26.8,13.3,8.9,7.0,5.3,5.2
Frankfurt am Main II,33.9,26.3,15.4,8.1,7.0,4.9,4.4
Groß-Gerau,36.7,30.5,10.6,6.2,4.7,5.6,5.7
Offenbach,38.8,26.1,10.7,6.6,6.4,5.8,5.6
Darmstadt,34.9,28.5,14.2,6.7,5.1,5.2,5.4
Odenwald,40.9,28.1,9.1,5.5,5.2,5.7,5.5
Bergstraße,42.4,27.6,8.7,4.9,5.5,5.6,5.3
Hessen,39.2,28.8,9.9,6.0,5.6,5.6,4.9
Eichsfeld – Nordhausen – Kyffhäuserkreis,43.5,15.3,3.7,21.7,2.7,5.0,8.1
Eisenach – Wartburgkreis – Unstrut-Hainich-Kreis,40.1,17.1,4.1,22.5,2.5,5.1,8.6
Jena – Sömmerda – Weimarer Land I,36.0,16.4,7.3,23.1,3.2,5.8,8.2
Gotha – Ilm-Kreis,38.2,17.1,4.6,22.1,2.4,7.4,8.2
Erfurt – Weimar – Weimarer Land II,34.5,17.6,8.5,23.0,2.6,6.1,7.7
Gera – Greiz – Altenburger Land,39.9,14.2,3.5,25.1,2.6,7.6,7.1
Saalfeld-Rudolstadt – Saale-Holzland-Kreis – Saale-Orla-Kreis,38.2,15.2,4.1,24.3,2.6,7.2,8.4
Suhl – Schmalkalden-Meiningen – Hildburghausen – Sonneberg,39.4,16.4,3.8,25.2,2.4,5.1,7.7
Thüringen,38.8,16.1,4.9,23.4,2.6,6.2,8.0
Neuwied,45.6,28.6,6.2,5.2,4.7,5.1,4.6
Ahrweiler,48.8,24.6,6.6,4.7,5.6,5.2,4.5
Koblenz,45.0,27.1,7.7,5.2,5.4,4.7,4.9
Mosel/Rhein-Hunsrück,49.4,24.6,5.7,4.8,6.3,4.2,5.0
Kreuznach,41.1,31.4,6.3,5.8,5.6,4.8,5.0
Bitburg,52.2,22.3,6.1,4.4,6.1,3.6,5.3
Trier,44.0,26.3,9.5,6.3,4.9,4.1,4.9
Montabaur,45.2,27.8,6.3,5.1,5.2,5.1,5.3
Mainz,38.4,26.5,13.3,5.5,6.5,4.5,5.3
Worms,39.4,29.9,8.4,5.0,6.0,5.6,5.7
Ludwigshafen/Frankenthal,39.0,29.5,7.2,5.6,5.2,6.1,7.4
Neustadt – Speyer,43.7,25.8,8.5,4.8,5.7,4.9,6.6
Kaiserslautern,35.9,32.7,7.1,7.6,4.6,4.4,7.7
Pirmasens,43.7,28.0,4.7,6.5,5.1,4.3,7.7
Südpfalz,42.7,26.0,8.5,4.8,6.2,4.9,6.9
Rheinland-Pfalz,43.3,27.5,7.6,5.4,5.5,4.8,5.9
Altötting,58.6,15.2,5.8,2.9,3.9,4.1,9.5
Erding – Ebersberg,51.1,16.6,8.8,2.9,5.1,5.2,10.3
Freising,51.8,16.1,9.0,3.2,4.6,4.7,10.6
Fürstenfeldbruck,50.9,18.1,8.8,3.0,4.9,5.3,9.0
Ingolstadt,55.6,17.5,6.2,3.6,4.3,3.5,9.3
München-Nord,36.8,24.7,13.6,4.6,8.2,4.6,7.5
München-Ost,39.5,23.3,12.9,4.2,8.2,4.6,7.3
München-Süd,37.9,24.0,14.0,4.8,7.0,4.6,7.7
München-West/Mitte,37.0,23.7,15.6,4.8,7.4,4.2,7.3
München-Land,47.0,19.8,9.8,2.8,8.3,4.9,7.4
Rosenheim,54.1,14.8,8.4,2.9,5.0,4.8,10.0
Bad Tölz-Wolfratshausen – Miesbach,53.9,14.4,7.9,2.7,5.9,5.8,9.4
Starnberg – Landsberg am Lech,48.7,17.0,10.7,3.0,7.7,5.0,7.9
Traunstein,57.3,14.9,8.8,3.0,4.4,3.3,8.3
Weilheim,52.8,15.3,7.8,3.0,5.2,5.6,10.3
Deggendorf,56.1,16.8,4.4,3.4,3.8,4.0,11.5
Landshut,53.9,16.0,6.7,3.0,4.7,3.6,12.1
Passau,53.9,18.5,6.0,3.8,4.5,3.9,9.4
Rottal-Inn,58.8,15.1,4.9,2.7,4.1,3.6,10.8
Straubing,57.8,16.1,3.9,3.0,4.2,4.0,11.0
Amberg,53.5,19.4,6.0,3.4,3.8,3.5,10.4
Regensburg,48.4,19.3,9.2,3.9,4.6,4.1,10.5
Schwandorf,54.7,19.4,4.2,3.2,3.4,3.3,11.8
Weiden,52.8,22.5,4.3,3.4,3.4,3.6,10.0
Bamberg,48.9,19.8,8.9,4.1,4.8,4.1,9.4
Bayreuth,49.5,23.2,6.8,3.3,4.8,3.9,8.5
Coburg,46.8,27.9,5.7,4.0,4.0,4.3,7.3
Hof,46.9,26.6,5.4,4.8,3.8,4.4,8.1
Kulmbach,52.3,21.5,5.3,3.6,3.7,4.0,9.6
Ansbach,47.6,22.2,8.3,3.9,4.6,3.6,9.8
Erlangen,41.7,24.3,11.5,4.4,5.5,4.2,8.4
Fürth,42.8,25.2,9.1,5.0,4.7,4.4,8.8
Nürnberg-Nord,34.8,26.8,13.3,7.1,5.4,4.5,8.1
Nürnberg-Süd,40.5,28.5,8.0,5.8,4.2,4.8,8.2
Roth,45.5,24.5,8.5,3.8,4.5,3.9,9.3
Aschaffenburg,47.7,22.0,8.6,3.6,5.4,4.1,8.6
Bad Kissingen,53.9,18.2,6.4,4.5,4.8,3.2,9.0
Main-Spessart,49.5,21.6,7.1,3.4,4.5,3.9,10.0
Schweinfurt,51.0,20.6,7.1,5.0,4.2,3.3,8.8
Würzburg,44.9,22.5,11.7,4.0,5.1,3.9,7.9
Augsburg-Stadt,43.6,22.2,10.5,5.6,4.7,5.4,8.0
Augsburg-Land,53.7,17.2,7.2,3.2,4.6,5.2,8.9
Donau-Ries,55.5,16.7,6.0,3.3,4.5,4.2,9.8
Neu-Ulm,52.8,18.1,6.5,3.7,4.7,5.6,8.6
Oberallgäu,52.3,16.0,9.3,3.6,5.7,4.3,8.8
Ostallgäu,55.1,15.0,7.1,3.2,4.6,4.8,10.2
Bayern,49.3,20.0,8.4,3.8,5.1,4.3,9.1
Stuttgart I,37.5,21.0,17.5,6.2,8.3,4.1,5.4
Stuttgart II,39.3,22.9,13.8,6.7,6.7,4.5,6.1
Böblingen,46.8,20.1,10.3,4.4,7.1,5.1,6.2
Esslingen,44.8,21.9,12.0,4.6,6.1,4.5,6.1
Nürtingen,46.0,19.9,11.6,4.1,6.9,4.8,6.7
Göppingen,45.8,21.7,10.1,4.2,5.8,6.3,6.1
Waiblingen,45.6,20.1,10.3,4.5,7.8,5.4,6.3
Ludwigsburg,44.2,21.2,11.7,4.7,6.9,5.1,6.2
Neckar-Zaber,45.3,21.0,10.6,4.1,6.7,5.5,6.8
Heilbronn,45.8,22.1,8.5,4.7,6.4,5.4,7.1
Schwäbisch Hall – Hohenlohe,46.6,20.0,10.0,4.8,6.6,5.0,7.0
Backnang – Schwäbisch Gmünd,48.4,20.4,9.1,4.2,5.8,5.7,6.4
Aalen – Heidenheim,49.3,22.3,8.4,4.6,4.5,4.5,6.4
Karlsruhe-Stadt,37.5,22.7,15.0,6.0,6.0,5.6,7.2
Karlsruhe-Land,46.7,21.1,9.6,4.1,6.0,6.0,6.5
Rastatt,49.2,20.6,9.1,4.1,5.8,5.8,5.4
Heidelberg,37.5,23.4,14.8,5.7,7.0,6.1,5.5
Mannheim,35.1,27.5,11.1,7.5,5.5,6.0,7.3
Odenwald – Tauber,51.9,19.8,7.2,4.2,5.2,5.2,6.5
Rhein-Neckar,43.8,22.3,9.5,4.8,6.5,6.0,7.1
Bruchsal – Schwetzingen,46.6,21.6,8.2,4.4,5.7,6.1,7.4
Pforzheim,45.1,20.2,8.9,4.6,7.1,7.2,6.9
Calw,51.1,17.6,7.6,4.2,6.4,6.3,6.8
Freiburg,35.4,22.1,19.8,7.9,4.8,3.8,6.2
Lörrach – Müllheim,43.7,21.8,12.7,4.8,5.6,5.1,6.3
Emmendingen – Lahr,45.8,21.2,12.1,4.6,5.1,4.5,6.7
Offenburg,48.3,19.2,10.7,4.7,5.7,5.4,6.0
Rottweil – Tuttlingen,51.7,17.5,7.4,4.0,6.4,5.8,7.2
Schwarzwald-Baar,49.4,19.1,9.0,4.1,5.9,5.7,6.8
Konstanz,43.6,20.2,12.7,5.0,7.4,5.5,5.6
Waldshut,49.3,19.0,11.0,4.3,5.8,4.7,5.9
Reutlingen,46.2,19.3,10.9,4.8,7.1,5.6,6.1
Tübingen,41.7,20.5,14.8,6.6,5.5,4.6,6.3
Ulm,48.6,20.2,10.3,4.3,5.2,4.7,6.7
Biberach,56.3,14.8,9.1,3.4,4.9,4.2,7.3
Bodensee,48.7,18.2,11.8,4.4,6.4,4.5,6.0
Ravensburg,50.0,17.3,12.3,4.3,5.2,3.9,7.0
Zollernalb – Sigmaringen,52.8,17.1,8.4,4.1,5.6,4.7,7.3
Baden-Württemberg,45.7,20.6,11.0,4.8,6.2,5.2,6.5
Saarbrücken,33.4,31.1,7.8,11.7,4.5,4.7,6.8
Saarlouis,40.1,30.7,5.3,9.0,3.7,5.1,6.1
St. Wendel,40.9,30.4,4.5,9.0,3.4,5.4,6.4
Homburg,36.6,31.9,5.1,10.2,3.8,5.6,6.8
Saarland,37.8,31.0,5.7,10.0,3.8,5.2,6.5
Bundesgebiet,41.5,25.7,8.4,8.6,4.8,4.7,6.3
